00000
00000
00000
00000
00000
00000
00000
00000
00000
00000
00000
00000
00000
00000
00000
00000
00000
00000
00000
00000
00000
31003
30803
34003
00000
29003
2c803
30003
00000
25003
28803
28003
00000
00000
00000
00000
00000
21803
25003
28803
00000
1d803
21003
20803
00000
19803
19003
1c803
00000
00000
00000
00000
00000
16003
19803
19003
00000
12003
11803
15003
00000
0a003
0d803
11003
00000
00000
00000
00000
00000
25403
25003
20c03
00000
21403
21003
1ca03
00000
1d203
18e03
18a03
00000
29403
24e03
20803
29803
29404
29004
24a04
25003
25204
24e04
20804
20803
21004
20c04
20804
00000
21403
21003
1ca03
25803
25604
21004
20c04
21003
21404
21004
1ca04
18803
1d204
1ce04
18804
00000
1d603
19003
14a03
21803
21804
1d204
1ce04
19003
1d604
19004
18c04
14803
19404
19004
14a04
00000
00000
00000
00000
00000
1da03
19603
19203
00000
19a03
15403
15003
00000
15803
11403
11003
00000
21803
1d203
18c03
26003
21804
21404
21004
21803
21804
1d204
1ce04
19003
1d604
19004
18c04
00000
1da03
19403
14e03
22003
1da04
1d604
19004
19803
19804
19404
19004
15003
19804
15204
14e04
00000
15a03
11403
11003
1a003
19c04
19804
15204
15803
15a04
15604
11004
11003
11804
11404
11004
00000
00000
00000
00000
00000
16003
11c03
11803
00000
12003
0da03
09603
00000
09e03
09a03
05403
00000
19c03
19803
15203
22803
1de04
19804
19404
1a003
19c04
19804
15204
15803
15a04
15604
11004
00000
15e03
11803
0d203
1a803
1a004
15a04
15604
16003
15e04
11804
11404
11803
11c04
11804
0d204
00000
12003
0da03
09403
16803
12004
11c04
11804
12003
12004
0da04
0d604
09803
0de04
09804
09404
00000
00000
00000
00000
00000
29403
25003
20e03
00000
25203
21003
18c03
00000
1d003
18e03
14a03
00000
29403
25003
20c03
2d403
29404
25004
24c04
25003
25204
24e04
20c04
1cc03
21004
20e04
1ca04
00000
25403
21003
18c03
25403
25404
21004
20e04
21003
21204
21004
1cc04
18a03
1d004
1ce04
18a04
00000
21403
19003
14c03
21203
21404
1d004
1ce04
18e03
1d204
19004
18c04
10a03
19204
18e04
14a04
00000
25403
21003
18a03
29403
29404
25004
20e04
21003
25204
21004
1cc04
14a03
21004
1ce04
18a04
2d803
29404
25004
1cc04
29604
29405
25005
20e05
25004
25205
21005
20c05
1cc04
21005
20e05
1ca05
21003
25404
21004
18a04
25404
25405
21005
20e05
21004
21205
21005
1cc05
18a04
21005
1ce05
18a05
10803
21204
18e04
14a04
21204
21405
21005
1ce05
18e04
21205
1d005
18c05
14804
1d005
18e05
14a05
00000
21403
19003
14c03
25603
25604
21204
1d004
19003
21404
1d004
18e04
10a03
1d204
19004
14c04
29803
25404
21004
18c04
29804
25605
21205
21005
21204
21405
21005
1ce05
18e04
21205
1d005
18c05
19003
21404
1d004
14c04
21604
21605
21205
1d005
1d004
21405
1d005
18e05
14c04
1d205
19005
14c05
0c803
1d404
19004
10c04
1d404
21605
1d205
19005
19004
1d405
19005
14e05
10a04
19205
15005
10c05
00000
1d603
15203
0ce03
21803
21804
1d404
19004
15203
1d604
19204
15004
0cc03
19404
15004
10e04
21803
21604
1d204
14e04
25804
21805
21405
1d005
1d404
21605
1d205
19005
19004
1d405
19005
14e05
15003
1d604
19204
10e04
21804
21805
1d405
19005
19204
1d605
19205
15005
10e04
19405
15005
10e05
08803
19604
15204
0ce04
19604
1d805
19405
15005
15004
19605
15205
11005
0cc04
15405
11005
10e05
00000
00000
00000
00000
00000
21803
1d403
19203
00000
1d603
19403
15003
00000
19603
15203
11003
00000
25803
21403
19003
29a03
25804
21404
1d004
21603
21604
1d204
19004
19203
1d404
19204
18e04
00000
21803
19403
15003
21a03
21804
1d404
19204
1d403
1d604
19404
15004
15003
19404
15204
14e04
00000
19803
15403
11003
1d803
1d804
19404
15204
15403
19604
15404
11004
11003
15604
11204
11004
00000
21603
19203
14e03
25a03
25804
21404
1d004
1d403
21604
1d204
19004
14e03
1d404
19004
14e04
32003
25604
21204
18e04
29a04
25805
21405
21005
21604
21605
21205
1d005
1d004
21405
1d005
18e05
21803
21604
1d204
14e04
25804
21805
21405
1d005
1d404
21605
1d205
19005
19004
1d405
19005
14e05
15003
1d604
19204
10e04
21804
21805
1d405
19005
19204
1d605
19205
15005
10e04
19405
15005
10e05
00000
1d803
15403
11003
21a03
21804
1d604
19204
19403
1d804
19404
15004
11003
19604
15204
11004
2a003
21804
1d404
19004
25c04
21805
21605
1d205
21804
21805
1d405
19005
19204
1d605
19205
15005
1d803
1d804
19404
15004
21a04
21805
1d605
19205
19604
1d805
19405
15005
15004
19605
15205
11005
11003
19804
15404
11004
1d804
1d805
19605
15205
15404
19805
15405
11005
11004
15605
11205
11005
00000
19803
11403
09003
1dc03
1da04
19804
15404
15603
19804
15604
11204
09003
15804
11404
0d004
26003
1da04
19604
15204
21e04
21a05
1d805
19405
1d804
1d805
19605
15205
15404
19805
15405
11005
19803
19a04
15404
11004
1dc04
1da05
19805
15405
19804
19805
15605
11205
11204
15805
11405
11005
09003
15804
11404
0d004
19a04
19a05
15805
11405
11604
15805
11605
11205
0d004
11805
11405
0d005
00000
00000
00000
00000
00000
19c03
15803
11603
00000
15a03
11803
0d403
00000
11a03
0d603
09403
00000
21c03
19803
15403
26003
21c04
1d804
19404
1dc03
1da04
19604
15404
19803
19804
15604
11204
00000
19c03
15803
11403
22003
1dc04
19804
15604
19a03
19a04
15804
11404
11603
15a04
11604
0d204
00000
15c03
11803
09403
19e03
19c04
15a04
11604
11a03
15a04
11804
0d404
0d403
11a04
0d604
09404
00000
1da03
15603
11003
25e03
21a04
1d804
19404
19803
1d804
19604
15204
11203
19804
15404
11004
32803
21a04
1d604
19204
2a004
21a05
21805
1d405
21a04
21805
1d605
19205
19604
1d805
19405
15005
26003
1da04
19604
15204
21e04
21a05
1d805
19405
1d804
1d805
19605
15205
15404
19805
15405
11005
19803
19a04
15404
11004
1dc04
1da05
19805
15405
19804
19805
15605
11205
11204
15805
11405
11005
00000
19a03
11603
09203
22003
1dc04
19804
15604
15a03
19a04
15804
11404
0d403
15804
11604
0d204
2e803
1dc04
19804
15404
26004
21c05
1d805
19605
1dc04
1da05
19805
15405
19804
19805
15605
11205
22003
19a04
15604
11204
22004
1dc05
19805
15605
19a04
19a05
15805
11405
11604
15805
11605
11205
11803
15a04
11604
0d204
19e04
19c05
15805
11605
15804
15a05
11805
11405
0d404
11805
11605
0d205
00000
15c03
0d803
05403
1a003
19e04
15a04
11804
11a03
15c04
11804
0d604
09403
11a04
0d804
09404
2a803
19c04
15804
11404
22204
1de05
19a05
15805
19e04
19c05
15805
11605
15804
15a05
11805
11405
1a003
15c04
11804
0d404
1e004
19e05
15a05
11805
15c04
15c05
11805
11605
11804
11a05
11805
0d405
0d803
11c04
0d804
09404
1a004
15e05
11a05
11805
11a04
11c05
11805
0d605
09604
11a05
0d805
09405
00000
00000
00000
00000
00000
29203
25003
20e03
00000
25203
21003
18c03
00000
21003
18e03
14c03
00000
29203
25003
1cc03
2d403
2d204
29004
24e04
25003
29204
25004
20c04
1ce03
25004
20e04
1cc04
00000
25203
21003
18c03
25203
29204
25004
20e04
21003
25204
21004
1cc04
18c03
21004
1ce04
18c04
00000
21203
18e03
14c03
21003
25204
21004
1ce04
18e03
21204
1d004
18c04
10a03
1d004
18e04
14c04
00000
25203
21003
18c03
29403
29204
25004
1ce04
21003
25204
21004
18c04
14c03
21004
18e04
14c04
29403
29204
25004
1cc04
29404
29205
25005
20e05
25004
25205
21005
1cc05
1ce04
21005
1ce05
1cc05
21003
25204
21004
18c04
25204
25205
21005
1ce05
21004
21205
21005
1cc05
18c04
21005
1ce05
18c05
14a03
21204
18e04
14c04
21004
21205
21005
1ce05
18e04
21205
1ce05
18c05
14a04
1d005
18e05
14c05
00000
21203
19003
10c03
25403
25404
21204
18e04
19003
21204
1d004
14e04
10c03
1d004
14e04
10c04
25203
25404
21004
18e04
25404
25405
21205
21005
21004
21205
21005
1ce05
18e04
21205
1ce05
18c05
18e03
21204
1d004
14c04
21204
25405
21205
1ce05
1d004
21205
1d005
18e05
14c04
1d005
18e05
14c05
0ca03
1d204
19004
10c04
1d204
21405
1d005
18e05
14e04
1d205
19005
14e05
10a04
19005
14e05
10c05
00000
1d403
15003
0cc03
1d403
21404
1d204
19004
15003
1d404
19004
10e04
0cc03
19204
15004
0cc04
1d203
21404
1d004
14e04
25404
25405
21205
1d005
1d204
21405
1d005
18e05
14e04
1d205
19005
14e05
10c03
1d404
19004
10e04
1d404
21405
1d205
19005
19004
1d405
19005
14e05
10c04
19205
15005
10e05
04803
19204
15004
0cc04
19204
1d405
19205
15005
10e04
19205
15005
10e05
0cc04
15205
11005
0cc05
00000
29203
21003
14c03
29403
29204
25004
1ce04
21003
25204
21004
18c04
14a03
21004
18e04
14c04
2d403
29204
25004
1cc04
2d404
29205
25005
20e05
25004
25205
21005
1ce05
1ce04
21005
1ce05
18c05
21003
25204
21004
18c04
25204
25205
21005
1ce05
21004
25205
21005
18c05
18c04
21005
1ce05
18c05
10a03
21204
18e04
14c04
21004
25205
21005
1ce05
18e04
21005
1ce05
18c05
10a04
1d005
18e05
14c05
21003
25204
21004
18c04
29404
29205
25005
1ce05
21004
25205
21005
18c05
14a04
21005
18e05
14c05
29404
29205
21005
1cc05
29405
29406
25006
20e06
25005
25206
21006
1ce06
1ce05
21006
1ce06
18c06
21004
25205
21005
18c05
25205
25206
21006
1ce06
21005
21206
21006
1cc06
18c05
21006
1ce06
18c06
14a04
21205
1ce05
14c05
21005
25206
21006
1ce06
18e05
21006
1ce06
18c06
14a05
1d006
18e06
14a06
08803
21204
1d004
14c04
25204
25405
21005
1ce05
18e04
21205
1d005
18c05
10a04
1d005
18e05
14c05
25204
25405
21005
18e05
29405
25406
21206
21006
21005
25206
21006
1ce06
18e05
21006
1ce06
18c06
18e04
21205
1d005
14c05
21205
25406
21006
1ce06
1d005
21206
1d006
18e06
14c05
1d006
18e06
14c06
0c804
1d205
18e05
10c05
1d005
21206
1d006
18e06
18e05
1d206
19006
14c06
10a05
19006
14e06
10c06
00003
1d204
19004
10c04
21204
21405
1d205
18e05
14e04
1d205
19005
14e05
0ca04
19005
14e05
10c05
1d004
21405
1d005
18e05
25405
25406
21206
1d006
1d005
21206
1d006
18e06
18e05
1d206
19006
14c06
10c04
1d205
19005
14c05
21205
21406
1d206
19006
19005
1d206
19006
14e06
10c05
19006
14e06
10c06
08804
19205
14e05
10c05
19005
1d406
19006
14e06
14e05
1d206
19006
14e06
0ca05
19006
14e06
10c06
00000
25403
19003
10c03
25403
25404
21204
1d004
1d003
21204
1d004
14e04
10c03
1d204
19004
10c04
29603
25404
21204
18e04
29604
29405
25205
21005
21204
25405
21005
1ce05
1d004
21205
1d005
18e05
1d003
21404
1d004
14e04
25404
25405
21205
1d005
1d004
21205
1d005
18e05
14e04
1d205
19005
14c05
0ca03
1d204
19004
10c04
1d204
21405
1d205
19005
19004
1d205
19005
14e05
10c04
19205
14e05
10c05
19003
25404
1d004
14c04
25404
25405
21205
1d005
1d004
21205
1d005
18e05
14c04
1d205
18e05
14c05
29604
25405
21205
1ce05
29605
29406
25206
21006
21205
25406
21006
1ce06
1d005
21206
1d006
18e06
1d004
21405
1d005
18e05
25405
25406
21206
1d006
1d005
21206
1d006
18e06
18e05
1d206
19006
14c06
10c04
1d205
19005
14c05
21205
21406
1d206
19006
19005
1d206
19006
14e06
10c05
19006
14e06
10c06
04803
21404
19004
10c04
21404
21405
1d205
19005
19004
1d405
19005
14e05
10c04
19205
15005
10c05
21404
25405
1d205
18e05
25605
25406
21206
1d006
21205
21406
1d206
19006
19005
1d206
19006
14e06
19004
21405
19005
14e05
21405
21406
1d206
19006
19005
1d406
19006
14e06
14e05
1d206
19006
14e06
0ca04
1d205
15005
10c05
1d205
1d406
1d206
19006
15005
1d206
19006
14e06
10c05
19206
15006
10c06
00003
1d404
15004
0cc04
1d404
21405
19205
15005
15004
1d405
15205
10e05
08c04
19205
11005
0ce05
1d204
21405
19205
14e05
21605
21606
1d406
19006
1d205
1d406
1d206
19006
15005
1d206
19006
14e06
10e04
1d405
15005
10e05
1d405
21406
1d206
19006
19005
1d406
19206
15006
10e05
19206
15006
10e06
04804
19205
11005
0cc05
19205
1d406
19206
15006
11005
19406
15006
10e06
0cc05
15206
11006
0ce06
00000
21403
15203
0ce03
21603
21604
1d404
19004
19203
1d404
19204
15004
0ce03
19204
15004
0ce04
29803
25604
1d204
19004
29804
25605
21405
1d205
21404
21405
1d205
19005
19004
1d405
19205
14e05
19203
21404
19204
10e04
21604
21605
1d405
19205
19204
1d405
19205
15005
15004
19205
15005
10e05
08c03
19404
15004
0ce04
1d404
1d605
19205
15005
15004
19405
15205
11005
0ce04
15205
11005
0ce05
15003
21404
19204
10e04
25604
21605
1d405
19005
19204
1d405
19205
15005
10e04
19205
15005
10e05
29804
25605
1d205
19005
29805
25606
21406
1d206
21405
21406
1d206
19006
19005
1d406
19006
14e06
1d204
21405
19205
14e05
21605
21606
1d406
19006
1d205
1d406
1d206
19006
15005
1d206
19006
14e06
10e04
1d405
15005
10e05
1d405
21406
1d206
19006
19005
1d406
19206
15006
10e05
19206
15006
10e06
00803
1d404
15204
0ce04
21604
21605
1d405
15205
15204
1d405
19205
11005
0ce04
19205
15005
0ce05
21604
21605
1d205
15005
25805
21606
1d406
1d206
1d405
21406
1d206
19006
19005
1d406
19206
15006
15004
1d405
19205
10e05
21605
21606
1d406
19206
19205
1d406
19206
15006
11005
19406
15006
10e06
08c04
19405
15005
0ce05
19405
1d606
19406
15006
15005
19406
15206
11006
0ce05
15206
11006
0ce06
00003
19404
11204
08e04
19404
1d605
19405
15205
11004
19405
15205
11005
08c04
15405
11005
0ce05
19404
1d605
19205
11005
21805
21606
1d406
19206
19405
1d606
19406
15006
15005
19406
15206
11006
11004
19605
15205
11005
1d605
1d606
19406
15206
15205
19406
15206
11006
11005
15406
11206
11006
04a04
15405
11205
0ce05
19405
19606
15406
11206
11005
19406
15206
11006
08e05
15406
11006
0ce06
00000
00000
00000
00000
00000
25603
21403
19203
00000
21403
19203
15003
00000
19403
15203
11003
00000
25603
21203
19003
29803
29604
25404
21204
21403
25404
21204
1d004
1d203
21404
1d204
19004
00000
21603
19203
15003
25603
25604
21404
1d204
1d403
21404
1d204
19004
15003
1d404
19204
15004
00000
1d403
15203
11003
1d603
21604
1d404
19204
15203
1d404
19204
15004
11003
19404
15204
11004
00000
25603
1d203
14e03
29803
25604
21404
1d004
1d403
21404
1d204
19004
15003
1d404
19004
10e04
2da03
25604
21204
1d004
29804
25605
25405
21205
25404
25405
21205
1d005
1d204
21405
1d005
18e05
21403
21604
1d204
19004
25604
25605
21405
1d005
1d404
21405
1d205
19005
19004
1d405
19005
14e05
15003
1d404
19204
10e04
21404
21605
1d405
19005
19204
1d405
19205
15005
10e04
19205
15005
10e05
00000
1d603
15203
11003
21803
21604
1d404
19204
19403
1d604
19204
15004
11003
19404
15204
11004
25803
21604
1d404
19004
25804
25605
21405
1d205
21404
21605
1d405
19005
19204
1d405
19205
15005
19403
1d604
19204
15004
21604
21605
1d405
19205
19404
1d605
19205
15005
15004
19405
15205
11005
11003
19604
15204
11004
1d604
1d605
19405
15205
15204
19605
15205
11005
11004
15405
11205
11005
00000
19603
11203
09003
1d803
1d804
19404
15204
15403
19604
15404
11204
09003
15404
11204
0d004
21803
21804
19404
15004
21804
21805
1d605
19205
1d604
1d605
19405
15205
15204
19605
15205
11005
15203
19604
15404
11004
1d804
1d805
19605
15205
15404
19605
15405
11205
11004
15405
11205
11005
08e03
15604
11204
0d004
19604
19805
15405
11205
11204
15605
15405
11205
0d004
15405
11205
0d005
00000
25403
1d203
14e03
29603
25604
21204
1d004
1d203
21404
1d204
19004
10e03
1d204
19004
10e04
31a03
29604
21204
1d004
2d804
29605
25405
21005
25404
25405
21205
1d005
1d004
21205
1d005
18e05
21403
25404
1d204
14e04
25604
25405
21205
1d005
1d204
21405
1d205
19005
19004
1d205
19005
14e05
10e03
1d404
19004
10e04
21404
21405
1d205
19005
19004
1d405
19205
14e05
10e04
19205
15005
10e05
29803
25404
1d204
14e04
29604
25605
21205
1d005
21204
21405
1d205
18e05
14e04
1d205
19005
14e05
2d804
29605
21205
1d005
29805
29606
25406
21006
25405
25406
21206
1d006
1d005
21206
1d006
18e06
21404
25405
1d205
18e05
25605
25406
21206
1d006
21205
21406
1d206
19006
19005
1d206
19006
14e06
19004
21405
19005
14e05
21405
21406
1d206
19006
19005
1d406
19006
14e06
14e05
1d206
19006
14e06
15003
21404
19204
10e04
25604
21605
1d405
19005
19204
1d405
19205
15005
10e04
19205
15005
10e05
29804
25605
1d205
19005
29805
25606
21406
1d206
21405
21406
1d206
19006
19005
1d406
19006
14e06
1d204
21405
19205
14e05
21605
21606
1d406
19006
1d205
1d406
1d206
19006
15005
1d206
19006
14e06
10e04
1d405
15005
10e05
1d405
21406
1d206
19006
19005
1d406
19206
15006
10e05
19206
15006
10e06
00803
1d404
15204
0ce04
21604
21605
1d405
15205
15204
1d405
19205
11005
0ce04
19205
15005
0ce05
21604
21605
1d205
15005
25805
21606
1d406
1d206
1d405
21406
1d206
19006
19005
1d406
19206
15006
15004
1d405
19205
10e05
21605
21606
1d406
19206
19205
1d406
19206
15006
11005
19406
15006
10e06
08c04
19405
15005
0ce05
19405
1d606
19406
15006
15005
19406
15206
11006
0ce05
15206
11006
0ce06
00000
21603
19203
11003
25803
21604
1d404
19204
19403
1d604
19204
15004
11003
19404
15204
11004
2da03
25604
1d404
19004
29804
25605
21405
1d205
21604
21605
1d405
19205
19204
1d405
19205
15005
1d403
21604
19204
15004
25804
21605
1d405
19205
1d404
1d605
19205
15005
15004
19405
15205
11005
11003
1d404
15204
11004
1d604
1d605
19405
15205
15204
19405
15205
11005
11004
19405
15205
11005
25803
21604
19204
15004
25804
25605
1d405
19205
1d404
21405
19205
15005
15004
1d405
15205
10e05
2da04
25605
21405
19005
29805
25606
21406
1d206
21605
21606
1d406
19006
1d205
1d406
1d206
19006
21604
21605
1d205
15005
25805
21606
1d406
1d206
1d405
21406
1d206
19006
19005
1d406
19206
15006
15004
1d405
19205
10e05
21605
21606
1d406
19206
19205
1d406
19206
15006
11005
19406
15006
10e06
11003
1d604
15204
11004
21804
21605
1d405
19205
19404
1d605
19205
15005
11004
19405
15205
11005
25804
21605
1d405
15005
25805
25806
21406
1d206
21605
21606
1d406
19206
19205
1d406
19206
15006
19404
1d605
19205
11005
21805
21606
1d406
19206
19405
1d606
19406
15006
15005
19406
15206
11006
11004
19605
15205
11005
1d605
1d606
19406
15206
15205
19406
15206
11006
11005
15406
11206
11006
00803
19604
11204
0d004
1d604
1d805
19405
15205
15204
19605
15405
11005
08e04
15405
11205
0d005
21804
21805
19405
15005
21805
21806
1d606
19406
1d605
1d606
19406
15206
15205
19406
15206
11006
15204
1d605
15405
11005
1d805
1d806
19406
15206
19405
19606
15406
11206
11005
19406
15206
11006
08e04
19605
11205
0d005
19605
19606
19406
15206
11205
19606
15406
11006
0d005
15406
11206
0d006
00000
1d803
15403
09003
21803
21804
19604
15404
15403
19604
15404
11204
0d003
15604
11204
0d004
29c03
21804
1d404
15204
25a04
21805
1d605
19405
21804
21805
19405
15205
19404
1d605
19405
15205
19603
1d804
15404
11204
21804
21805
1d605
19405
19604
1d605
19405
15205
11204
19605
15405
11005
0d003
19604
11404
0d004
1d804
1d805
19605
15405
15404
19605
15405
11205
0d004
15405
11205
0d005
21803
21804
19404
11004
25a04
21805
1d605
19205
19404
1d605
19405
15205
11004
19405
15205
11005
29c04
21805
1d405
19205
29a05
25806
21606
1d406
21805
21606
1d406
19206
19405
1d606
19406
15006
21804
21805
19405
15005
21805
21806
1d606
19406
1d605
1d606
19406
15206
15205
19406
15206
11006
15204
1d605
15405
11005
1d805
1d806
19406
15206
19405
19606
15406
11206
11005
19406
15206
11006
09003
1d804
15404
0d004
21804
1d805
19605
15405
15404
19605
15405
11205
0d004
15605
11205
0d005
25a04
21805
19605
15205
25a05
21806
1d606
19406
1d805
1d806
19406
15206
19405
19606
15406
11206
19604
1d805
15405
11205
21805
1d806
19606
15406
19605
19606
19406
15206
11205
19606
15406
11006
0d004
19605
11405
0d005
19805
1d806
19606
15406
15405
19606
15406
11206
0d005
15406
11206
0d006
00803
19804
11404
09004
19804
1d805
15605
11405
11404
19805
11405
0d205
09004
11605
0d405
09005
1d804
1d805
19605
11205
21a05
1da06
19606
19406
19805
1d806
19606
15406
15405
19606
15406
11206
11404
19805
15405
0d205
1d805
1d806
19606
15406
15605
19806
15406
11206
11205
15606
11406
0d206
09004
15605
11405
09005
19805
19806
15606
11406
11405
15606
11406
0d206
09005
11606
0d406
09006
00000
00000
00000
00000
00000
21a03
19803
15403
00000
19803
15603
11403
00000
15803
11403
09203
00000
21a03
1d603
15403
29c03
25a04
21804
1d404
21803
21804
1d604
19404
19603
1d804
19404
15204
00000
1d803
15603
11203
21a03
21a04
1d804
19404
19803
1d804
19604
15404
11403
19804
15404
11204
00000
19803
11603
09203
1da03
1da04
19804
15404
15603
19804
15604
11404
0d403
15804
11404
0d204
00000
21803
19403
11203
25c03
21804
1d604
19404
1d803
1d804
19404
15204
15403
19604
15404
11204
32003
25804
1d604
19204
29c04
25805
21605
1d405
21804
21805
1d605
19205
1d604
1d605
19405
15205
25a03
21804
19604
15204
25a04
21805
1d605
19405
1d804
1d805
19605
15205
15404
19605
15405
11205
19603
1d804
15404
11204
1da04
1d805
19605
15405
19604
19805
15405
11205
11204
15605
15405
11205
00000
19803
15603
0d203
21c03
1da04
19804
15404
19803
19804
15604
11404
0d403
15604
11404
0d204
29e03
21a04
19604
15404
25c04
21a05
1d805
19605
1da04
1d805
19605
15405
19604
19805
15405
11205
1da03
1d804
15604
11204
21a04
1da05
19805
15405
19804
19805
15605
15405
15404
19805
15405
11205
11403
19804
11604
0d204
19a04
19a05
19805
15405
15604
19805
15605
11405
0d404
15605
11405
0d205
00000
15a03
0d603
05203
1dc03
19a04
15804
11604
11803
15a04
11604
0d404
09403
11804
0d604
09204
21c03
1da04
19804
11404
21c04
1da05
19805
15605
19a04
19a05
19805
15405
15604
19805
15605
11405
15803
19a04
11604
0d404
1dc04
19a05
19805
15605
15804
19a05
15605
11405
11404
15805
11605
0d405
09403
15804
0d604
09204
19a04
19a05
15805
11605
11604
15805
11605
0d405
09404
11805
0d605
09205
00000
21803
19403
11003
29a03
25804
1d604
19204
1d603
1d604
19404
15204
11003
19404
15204
11004
31e03
25804
21404
19204
29a04
25805
21605
1d405
25804
21605
1d405
19205
1d404
1d605
19205
15005
25803
21604
19404
15004
25804
21805
1d605
19205
1d604
1d605
19405
15205
15204
19405
15205
11005
15203
1d604
15404
11004
21804
21805
19405
15205
19404
1d605
19405
15205
11004
19405
15205
11005
36003
25804
1d404
15004
29a04
25805
21405
19205
21604
21605
1d405
15205
15204
1d405
19205
11005
31e04
25805
21405
19205
29a05
25806
21606
1d406
25805
21606
1d406
1d206
1d405
21406
1d206
19006
25804
21605
1d405
15005
25805
25806
21406
1d206
21605
21606
1d406
19206
19205
1d406
19206
15006
19404
1d605
19205
11005
21805
21606
1d406
19206
19405
1d606
19406
15006
15005
19406
15206
11006
21803
21804
19404
11004
25a04
21805
1d605
19205
19404
1d605
19405
15205
11004
19405
15205
11005
29c04
21805
1d405
19205
29a05
25806
21606
1d406
21805
21606
1d406
19206
19405
1d606
19406
15006
21804
21805
19405
15005
21805
21806
1d606
19406
1d605
1d606
19406
15206
15205
19406
15206
11006
15204
1d605
15405
11005
1d805
1d806
19406
15206
19405
19606
15406
11206
11005
19406
15206
11006
09003
1d804
15404
0d004
21804
1d805
19605
15405
15404
19605
15405
11205
0d004
15605
11205
0d005
25a04
21805
19605
15205
25a05
21806
1d606
19406
1d805
1d806
19406
15206
19405
19606
15406
11206
19604
1d805
15405
11205
21805
1d806
19606
15406
19605
19606
19406
15206
11205
19606
15406
11006
0d004
19605
11405
0d005
19805
1d806
19606
15406
15405
19606
15406
11206
0d005
15406
11206
0d006
00000
1d803
15403
0d203
25a03
21804
19604
15404
19603
1d804
15604
11204
0d203
15604
11404
0d204
2de03
21a04
1d604
15404
29c04
25a05
21805
19405
21804
21805
1d605
19405
19604
1d605
19405
15205
21a03
1d804
19604
11204
21a04
21805
1d605
19405
1d804
1d805
19605
15405
15404
19605
15405
11205
11403
19804
15404
0d204
1d804
1d805
19605
15405
15604
19805
15405
11205
0d204
15605
11405
0d205
32003
21804
19404
11204
25a04
21805
1d605
19405
1d604
1d805
19405
15205
15204
19605
15405
11005
32004
25805
1d605
19205
29c05
25a06
21606
1d406
21805
21806
1d606
19406
1d605
1d606
19406
15206
25a04
21805
19605
15205
25a05
21806
1d606
19406
1d805
1d806
19406
15206
19405
19606
15406
11206
19604
1d805
15405
11205
21805
1d806
19606
15406
19605
19606
19406
15206
11205
19606
15406
11006
19803
1d804
15404
0d204
21a04
1da05
19605
15405
19604
19805
15605
11205
11204
15605
11405
0d205
29e04
21a05
1d605
15405
25c05
21a06
1d806
19406
21805
1d806
19606
15406
19605
19606
19406
15206
1d804
1d805
19605
11205
21a05
1da06
19606
19406
19805
1d806
19606
15406
15405
19606
15406
11206
11404
19805
15405
0d205
1d805
1d806
19606
15406
15605
19806
15406
11206
11205
15606
11406
0d206
05003
19804
11404
09204
1da04
1da05
19805
11405
15604
19805
11605
0d405
09204
15605
0d405
09205
21c04
1da05
19605
11405
21c05
21a06
1d806
19606
1d805
1d806
19606
15406
15605
19806
15406
11206
19804
19805
15605
0d205
1da05
1da06
19806
15406
19805
19806
15606
11406
11405
15606
11406
0d206
0d204
15805
11405
09205
19805
19a06
15606
11406
11605
15806
11606
0d406
0d205
11606
0d406
0d206
00000
19a03
11603
09203
21c03
1da04
19804
11604
15803
19804
11604
0d404
09403
15804
0d604
09204
2e003
21a04
19804
15404
25e04
21a05
1d805
19605
1da04
1da05
19805
15405
19804
19805
15605
11405
1da03
19a04
15604
0d404
21c04
1da05
19805
15605
19804
19a05
15605
11405
11604
15805
11605
0d405
0d403
15804
11604
09204
19a04
19a05
15805
11605
15804
15805
11605
0d405
0d404
11805
0d605
09205
2a003
1da04
15604
0d204
25c04
21a05
19805
15605
19804
1d805
15605
11405
11404
19805
11405
0d205
2e004
21a05
1d805
15405
29e05
21a06
1d806
19606
21a05
1da06
19606
19406
19805
1d806
19606
15406
21c04
1da05
19605
11405
21c05
21a06
1d806
19606
1d805
1d806
19606
15406
15605
19806
15406
11206
19804
19805
15605
0d205
1da05
1da06
19806
15406
19805
19806
15606
11406
11405
15606
11406
0d206
15803
19a04
11604
09204
21c04
1da05
19805
11605
15804
19805
15605
0d405
0d404
15805
11405
09205
2a004
1da05
19805
15405
25e05
21a06
1d806
19606
1da05
1da06
19806
15406
19805
19806
15606
11406
1da04
19a05
15605
11405
21c05
1da06
19806
15606
19805
19a06
15606
11406
11605
15806
11606
0d406
11604
15805
11605
0d205
19a05
19a06
15806
11606
15805
15806
11606
0d406
0d405
15806
11406
0d206
01003
15a04
0d604
05204
19c04
19a05
15805
11605
11804
15a05
11605
0d405
09404
11805
0d605
09205
21e04
1da05
15805
11405
21e05
1dc06
19a06
15606
19a05
19a06
15806
11606
15805
15806
11606
0d406
15804
19a05
11605
0d405
1dc05
19a06
15806
11606
15805
15a06
15806
11406
11605
15806
11606
0d406
09404
15805
0d605
09205
19a05
19a06
15806
11606
11805
15a06
11606
0d406
09405
11806
0d606
09406
